25 Vertices
         0         0
    1.0000         0
    1.0000    1.0000
         0    1.0000
    0.5000         0
         0    0.5000
    0.5000    0.5000
    1.0000    0.5000
    0.5000    1.0000
    0.2500         0
         0    0.2500
    0.7500    0.2500
    0.7500         0
    1.0000    0.2500
    0.7500    1.0000
    1.0000    0.7500
         0    0.7500
    0.2500    0.7500
    0.2500    1.0000
    0.2500    0.2500
    0.5000    0.2500
    0.2500    0.5000
    0.7500    0.5000
    0.5000    0.7500
    0.7500    0.7500
32 Elements
     0     9    10
     9     4    19
    10    19     5
    19    10     9
     4    12    20
    12     1    11
    20    11     6
    11    20    12
     5    21    16
    21     6    17
    16    17     3
    17    16    21
     6    21    20
    21     5    19
    20    19     4
    19    20    21
     1    13    11
    13     7    22
    11    22     6
    22    11    13
     7    15    24
    15     2    14
    24    14     8
    14    24    15
     6    23    17
    23     8    18
    17    18     3
    18    17    23
     8    23    24
    23     6    22
    24    22     7
    22    24    23
