1089 Vertices
         0         0
    1.0000         0
    1.0000    1.0000
         0    1.0000
    0.5000         0
         0    0.5000
    0.5000    0.5000
    1.0000    0.5000
    0.5000    1.0000
    0.2500         0
         0    0.2500
    0.7500    0.2500
    0.7500         0
    1.0000    0.2500
    0.7500    1.0000
    1.0000    0.7500
         0    0.7500
    0.2500    0.7500
    0.2500    1.0000
    0.2500    0.2500
    0.5000    0.2500
    0.2500    0.5000
    0.7500    0.5000
    0.5000    0.7500
    0.7500    0.7500
    0.1250         0
         0    0.1250
    0.8750    0.1250
    0.8750         0
    1.0000    0.1250
    0.8750    1.0000
    1.0000    0.8750
         0    0.8750
    0.1250    0.8750
    0.1250    1.0000
    0.3750    0.1250
    0.3750         0
    0.6250         0
    0.5000    0.1250
         0    0.3750
    0.1250    0.3750
    0.1250    0.5000
         0    0.6250
    0.5000    0.3750
    0.6250    0.3750
    0.3750    0.6250
    0.3750    0.5000
    0.6250    0.5000
    0.5000    0.6250
    0.8750    0.5000
    1.0000    0.3750
    1.0000    0.6250
    0.8750    0.6250
    0.6250    0.8750
    0.6250    1.0000
    0.3750    1.0000
    0.5000    0.8750
    0.1250    0.1250
    0.2500    0.1250
    0.1250    0.2500
    0.7500    0.1250
    0.6250    0.2500
    0.8750    0.2500
    0.7500    0.3750
    0.6250    0.1250
    0.8750    0.3750
    0.8750    0.8750
    0.7500    0.8750
    0.8750    0.7500
    0.1250    0.6250
    0.1250    0.7500
    0.2500    0.6250
    0.3750    0.7500
    0.2500    0.8750
    0.3750    0.8750
    0.2500    0.3750
    0.3750    0.2500
    0.3750    0.3750
    0.6250    0.6250
    0.7500    0.6250
    0.6250    0.7500
    0.0625         0
         0    0.0625
    0.9375    0.0625
    0.9375         0
    1.0000    0.0625
    0.9375    1.0000
    1.0000    0.9375
         0    0.9375
    0.0625    0.9375
    0.0625    1.0000
    0.4375    0.0625
    0.4375         0
    0.5625         0
    0.5000    0.0625
         0    0.4375
    0.0625    0.4375
    0.0625    0.5000
         0    0.5625
    0.5000    0.4375
    0.5625    0.4375
    0.4375    0.5625
    0.4375    0.5000
    0.5625    0.5000
    0.5000    0.5625
    0.9375    0.5000
    1.0000    0.4375
    1.0000    0.5625
    0.9375    0.5625
    0.5625    0.9375
    0.5625    1.0000
    0.4375    1.0000
    0.5000    0.9375
    0.1875    0.0625
    0.1875         0
    0.3125         0
    0.2500    0.0625
         0    0.1875
    0.0625    0.1875
    0.0625    0.2500
         0    0.3125
    0.7500    0.1875
    0.8125    0.1875
    0.6875    0.3125
    0.6875    0.2500
    0.8125    0.2500
    0.7500    0.3125
    0.6875    0.0625
    0.6875         0
    0.8125         0
    0.7500    0.0625
    0.9375    0.2500
    1.0000    0.1875
    1.0000    0.3125
    0.9375    0.3125
    0.8125    0.9375
    0.8125    1.0000
    0.6875    1.0000
    0.7500    0.9375
    0.9375    0.7500
    1.0000    0.6875
    1.0000    0.8125
    0.9375    0.8125
         0    0.6875
    0.0625    0.6875
    0.0625    0.7500
         0    0.8125
    0.2500    0.6875
    0.3125    0.6875
    0.1875    0.8125
    0.1875    0.7500
    0.3125    0.7500
    0.2500    0.8125
    0.3125    0.9375
    0.3125    1.0000
    0.1875    1.0000
    0.2500    0.9375
    0.2500    0.1875
    0.3125    0.1875
    0.1875    0.3125
    0.1875    0.2500
    0.2500    0.3125
    0.3125    0.2500
    0.5000    0.1875
    0.5625    0.1875
    0.5625    0.2500
    0.5000    0.3125
    0.4375    0.3125
    0.4375    0.2500
    0.1875    0.5625
    0.1875    0.5000
    0.3125    0.5000
    0.2500    0.5625
    0.3125    0.4375
    0.2500    0.4375
    0.8125    0.4375
    0.8125    0.5000
    0.6875    0.5000
    0.7500    0.4375
    0.6875    0.5625
    0.7500    0.5625
    0.4375    0.7500
    0.5000    0.6875
    0.5000    0.8125
    0.4375    0.8125
    0.5625    0.7500
    0.5625    0.6875
    0.8125    0.6875
    0.8125    0.7500
    0.7500    0.8125
    0.6875    0.8125
    0.6875    0.7500
    0.7500    0.6875
    0.0625    0.0625
    0.1250    0.0625
    0.0625    0.1250
    0.8750    0.0625
    0.8125    0.1250
    0.9375    0.1250
    0.8750    0.1875
    0.8125    0.0625
    0.9375    0.1875
    0.9375    0.9375
    0.8750    0.9375
    0.9375    0.8750
    0.0625    0.8125
    0.0625    0.8750
    0.1250    0.8125
    0.1875    0.8750
    0.1250    0.9375
    0.1875    0.9375
    0.3750    0.0625
    0.3125    0.1250
    0.3750    0.1875
    0.4375    0.1250
    0.3125    0.0625
    0.5625    0.0625
    0.6250    0.0625
    0.5625    0.1250
    0.4375    0.1875
    0.0625    0.3125
    0.0625    0.3750
    0.1250    0.3125
    0.1250    0.4375
    0.1875    0.3750
    0.0625    0.5625
    0.1250    0.5625
    0.1875    0.4375
    0.0625    0.6250
    0.5625    0.3125
    0.5625    0.3750
    0.4375    0.4375
    0.4375    0.3750
    0.6250    0.3125
    0.6875    0.3750
    0.6250    0.4375
    0.3750    0.5625
    0.3125    0.6250
    0.4375    0.6250
    0.3750    0.6875
    0.3125    0.5625
    0.3750    0.4375
    0.6875    0.4375
    0.5625    0.5625
    0.6250    0.5625
    0.4375    0.6875
    0.5625    0.6250
    0.9375    0.4375
    0.8750    0.4375
    0.8125    0.5625
    0.8750    0.5625
    0.9375    0.3750
    0.9375    0.6250
    0.9375    0.6875
    0.8750    0.6875
    0.8125    0.6250
    0.6875    0.8750
    0.6250    0.9375
    0.5625    0.8750
    0.6250    0.8125
    0.6875    0.9375
    0.4375    0.9375
    0.3750    0.9375
    0.4375    0.8750
    0.5625    0.8125
    0.1250    0.1875
    0.1875    0.1250
    0.1875    0.1875
    0.6875    0.1875
    0.6875    0.1250
    0.6250    0.1875
    0.8125    0.3125
    0.8750    0.3125
    0.8125    0.3750
    0.8125    0.8750
    0.8750    0.8125
    0.8125    0.8125
    0.1250    0.6875
    0.1875    0.6250
    0.1875    0.6875
    0.3125    0.8125
    0.3750    0.8125
    0.3125    0.8750
    0.3125    0.3125
    0.3125    0.3750
    0.3750    0.3125
    0.6875    0.6250
    0.6250    0.6875
    0.6875    0.6875
    0.0312         0
         0    0.0312
    0.9688    0.0312
    0.9688         0
    1.0000    0.0312
    0.9688    1.0000
    1.0000    0.9688
         0    0.9688
    0.0312    0.9688
    0.0312    1.0000
    0.4688    0.0312
    0.4688         0
    0.5312         0
    0.5000    0.0312
         0    0.4688
    0.0312    0.4688
    0.0312    0.5000
         0    0.5312
    0.5000    0.4688
    0.5312    0.4688
    0.4688    0.5312
    0.4688    0.5000
    0.5312    0.5000
    0.5000    0.5312
    0.9688    0.5000
    1.0000    0.4688
    1.0000    0.5312
    0.9688    0.5312
    0.5312    0.9688
    0.5312    1.0000
    0.4688    1.0000
    0.5000    0.9688
    0.2188    0.0312
    0.2188         0
    0.2812         0
    0.2500    0.0312
         0    0.2188
    0.0312    0.2188
    0.0312    0.2500
         0    0.2812
    0.7500    0.2188
    0.7812    0.2188
    0.7188    0.2812
    0.7188    0.2500
    0.7812    0.2500
    0.7500    0.2812
    0.7188    0.0312
    0.7188         0
    0.7812         0
    0.7500    0.0312
    0.9688    0.2500
    1.0000    0.2188
    1.0000    0.2812
    0.9688    0.2812
    0.7812    0.9688
    0.7812    1.0000
    0.7188    1.0000
    0.7500    0.9688
    0.9688    0.7500
    1.0000    0.7188
    1.0000    0.7812
    0.9688    0.7812
         0    0.7188
    0.0312    0.7188
    0.0312    0.7500
         0    0.7812
    0.2500    0.7188
    0.2812    0.7188
    0.2188    0.7812
    0.2188    0.7500
    0.2812    0.7500
    0.2500    0.7812
    0.2812    0.9688
    0.2812    1.0000
    0.2188    1.0000
    0.2500    0.9688
    0.2500    0.2188
    0.2812    0.2188
    0.2188    0.2812
    0.2188    0.2500
    0.2500    0.2812
    0.2812    0.2500
    0.5000    0.2188
    0.5312    0.2188
    0.5312    0.2500
    0.5000    0.2812
    0.4688    0.2812
    0.4688    0.2500
    0.2188    0.5312
    0.2188    0.5000
    0.2812    0.5000
    0.2500    0.5312
    0.2812    0.4688
    0.2500    0.4688
    0.7812    0.4688
    0.7812    0.5000
    0.7188    0.5000
    0.7500    0.4688
    0.7188    0.5312
    0.7500    0.5312
    0.4688    0.7500
    0.5000    0.7188
    0.5000    0.7812
    0.4688    0.7812
    0.5312    0.7500
    0.5312    0.7188
    0.7812    0.7188
    0.7812    0.7500
    0.7500    0.7812
    0.7188    0.7812
    0.7188    0.7500
    0.7500    0.7188
    0.0938    0.0312
    0.0938         0
    0.1562         0
    0.1250    0.0312
         0    0.0938
    0.0312    0.0938
    0.0312    0.1250
         0    0.1562
    0.8750    0.0938
    0.9062    0.0938
    0.8438    0.1562
    0.8438    0.1250
    0.9062    0.1250
    0.8750    0.1562
    0.8438    0.0312
    0.8438         0
    0.9062         0
    0.8750    0.0312
    0.9688    0.1250
    1.0000    0.0938
    1.0000    0.1562
    0.9688    0.1562
    0.9062    0.9688
    0.9062    1.0000
    0.8438    1.0000
    0.8750    0.9688
    0.9688    0.8750
    1.0000    0.8438
    1.0000    0.9062
    0.9688    0.9062
         0    0.8438
    0.0312    0.8438
    0.0312    0.8750
         0    0.9062
    0.1250    0.8438
    0.1562    0.8438
    0.0938    0.9062
    0.0938    0.8750
    0.1562    0.8750
    0.1250    0.9062
    0.1562    0.9688
    0.1562    1.0000
    0.0938    1.0000
    0.1250    0.9688
    0.3750    0.0938
    0.4062    0.0938
    0.3438    0.1562
    0.3438    0.1250
    0.3750    0.1562
    0.4062    0.1250
    0.3438    0.0312
    0.3438         0
    0.4062         0
    0.3750    0.0312
    0.5938    0.0312
    0.5938         0
    0.6562         0
    0.6250    0.0312
    0.5000    0.0938
    0.5312    0.0938
    0.5312    0.1250
    0.5000    0.1562
    0.4688    0.1562
    0.4688    0.1250
         0    0.3438
    0.0312    0.3438
    0.0312    0.3750
         0    0.4062
    0.1250    0.3438
    0.1562    0.3438
    0.0938    0.4062
    0.0938    0.3750
    0.1250    0.4062
    0.1562    0.3750
    0.0938    0.5312
    0.0938    0.5000
    0.1562    0.5000
    0.1250    0.5312
    0.1562    0.4688
    0.1250    0.4688
         0    0.5938
    0.0312    0.5938
    0.0312    0.6250
         0    0.6562
    0.5000    0.3438
    0.5312    0.3438
    0.5312    0.3750
    0.5000    0.4062
    0.4688    0.4062
    0.4688    0.3750
    0.6250    0.3438
    0.6562    0.3438
    0.5938    0.4062
    0.5938    0.3750
    0.6562    0.3750
    0.6250    0.4062
    0.3750    0.5938
    0.4062    0.5938
    0.3438    0.6562
    0.3438    0.6250
    0.4062    0.6250
    0.3750    0.6562
    0.3438    0.5312
    0.3438    0.5000
    0.4062    0.5000
    0.3750    0.5312
    0.4062    0.4688
    0.3750    0.4688
    0.6562    0.4688
    0.6562    0.5000
    0.5938    0.5000
    0.6250    0.4688
    0.5938    0.5312
    0.6250    0.5312
    0.4688    0.6250
    0.5000    0.5938
    0.5000    0.6562
    0.4688    0.6562
    0.5312    0.6250
    0.5312    0.5938
    0.9062    0.4688
    0.9062    0.5000
    0.8438    0.5000
    0.8750    0.4688
    0.8438    0.5312
    0.8750    0.5312
    0.9688    0.3750
    1.0000    0.3438
    1.0000    0.4062
    0.9688    0.4062
    0.9688    0.6250
    1.0000    0.5938
    1.0000    0.6562
    0.9688    0.6562
    0.9062    0.5938
    0.9062    0.6250
    0.8750    0.6562
    0.8438    0.6562
    0.8438    0.6250
    0.8750    0.5938
    0.6562    0.8438
    0.6562    0.8750
    0.6250    0.9062
    0.5938    0.9062
    0.5938    0.8750
    0.6250    0.8438
    0.6562    0.9688
    0.6562    1.0000
    0.5938    1.0000
    0.6250    0.9688
    0.4062    0.9688
    0.4062    1.0000
    0.3438    1.0000
    0.3750    0.9688
    0.4688    0.8750
    0.5000    0.8438
    0.5000    0.9062
    0.4688    0.9062
    0.5312    0.8750
    0.5312    0.8438
    0.1250    0.0938
    0.1562    0.0938
    0.0938    0.1562
    0.0938    0.1250
    0.1250    0.1562
    0.1562    0.1250
    0.2500    0.0938
    0.2812    0.0938
    0.2812    0.1250
    0.2500    0.1562
    0.2188    0.1562
    0.2188    0.1250
    0.0938    0.2812
    0.0938    0.2500
    0.1562    0.2500
    0.1250    0.2812
    0.1562    0.2188
    0.1250    0.2188
    0.7500    0.0938
    0.7812    0.0938
    0.7812    0.1250
    0.7500    0.1562
    0.7188    0.1562
    0.7188    0.1250
    0.5938    0.2812
    0.5938    0.2500
    0.6562    0.2500
    0.6250    0.2812
    0.6562    0.2188
    0.6250    0.2188
    0.9062    0.2188
    0.9062    0.2500
    0.8438    0.2500
    0.8750    0.2188
    0.8438    0.2812
    0.8750    0.2812
    0.7188    0.3750
    0.7500    0.3438
    0.7500    0.4062
    0.7188    0.4062
    0.7812    0.3750
    0.7812    0.3438
    0.6250    0.0938
    0.6562    0.0938
    0.5938    0.1562
    0.5938    0.1250
    0.6250    0.1562
    0.6562    0.1250
    0.9062    0.3438
    0.9062    0.3750
    0.8750    0.4062
    0.8438    0.4062
    0.8438    0.3750
    0.8750    0.3438
    0.9062    0.8438
    0.9062    0.8750
    0.8750    0.9062
    0.8438    0.9062
    0.8438    0.8750
    0.8750    0.8438
    0.7188    0.8750
    0.7500    0.8438
    0.7500    0.9062
    0.7188    0.9062
    0.7812    0.8750
    0.7812    0.8438
    0.9062    0.7188
    0.9062    0.7500
    0.8438    0.7500
    0.8750    0.7188
    0.8438    0.7812
    0.8750    0.7812
    0.1250    0.5938
    0.1562    0.5938
    0.0938    0.6562
    0.0938    0.6250
    0.1250    0.6562
    0.1562    0.6250
    0.0938    0.7812
    0.0938    0.7500
    0.1562    0.7500
    0.1250    0.7812
    0.1562    0.7188
    0.1250    0.7188
    0.2500    0.5938
    0.2812    0.5938
    0.2812    0.6250
    0.2500    0.6562
    0.2188    0.6562
    0.2188    0.6250
    0.4062    0.7188
    0.4062    0.7500
    0.3438    0.7500
    0.3750    0.7188
    0.3438    0.7812
    0.3750    0.7812
    0.2188    0.8750
    0.2500    0.8438
    0.2500    0.9062
    0.2188    0.9062
    0.2812    0.8750
    0.2812    0.8438
    0.4062    0.8438
    0.4062    0.8750
    0.3750    0.9062
    0.3438    0.9062
    0.3438    0.8750
    0.3750    0.8438
    0.2500    0.4062
    0.2188    0.4062
    0.2188    0.3750
    0.2500    0.3438
    0.2812    0.3438
    0.2812    0.3750
    0.4062    0.2188
    0.4062    0.2500
    0.3438    0.2500
    0.3750    0.2188
    0.3438    0.2812
    0.3750    0.2812
    0.3750    0.4062
    0.3438    0.4062
    0.4062    0.3438
    0.4062    0.3750
    0.3750    0.3438
    0.3438    0.3750
    0.5938    0.6562
    0.5938    0.6250
    0.6250    0.5938
    0.6562    0.5938
    0.6562    0.6250
    0.6250    0.6562
    0.7812    0.6250
    0.7500    0.6562
    0.7500    0.5938
    0.7812    0.5938
    0.7188    0.6250
    0.7188    0.6562
    0.5938    0.7812
    0.5938    0.7500
    0.6562    0.7500
    0.6250    0.7812
    0.6562    0.7188
    0.6250    0.7188
    0.0312    0.0312
    0.0625    0.0312
    0.0312    0.0625
    0.9375    0.0312
    0.9062    0.0625
    0.9688    0.0625
    0.9375    0.0938
    0.9062    0.0312
    0.9688    0.0938
    0.9688    0.9688
    0.9375    0.9688
    0.9688    0.9375
    0.0312    0.9062
    0.0312    0.9375
    0.0625    0.9062
    0.0938    0.9375
    0.0625    0.9688
    0.0938    0.9688
    0.4375    0.0312
    0.4062    0.0625
    0.4375    0.0938
    0.4688    0.0625
    0.4062    0.0312
    0.5312    0.0312
    0.5625    0.0312
    0.5312    0.0625
    0.4688    0.0938
    0.0312    0.4062
    0.0312    0.4375
    0.0625    0.4062
    0.0625    0.4688
    0.0938    0.4375
    0.0312    0.5312
    0.0625    0.5312
    0.0938    0.4688
    0.0312    0.5625
    0.5312    0.4062
    0.5312    0.4375
    0.4688    0.4688
    0.4688    0.4375
    0.5625    0.4062
    0.5938    0.4375
    0.5625    0.4688
    0.4375    0.5312
    0.4062    0.5625
    0.4688    0.5625
    0.4375    0.5938
    0.4062    0.5312
    0.4375    0.4688
    0.5938    0.4688
    0.5312    0.5312
    0.5625    0.5312
    0.4688    0.5938
    0.5312    0.5625
    0.9688    0.4688
    0.9375    0.4688
    0.9062    0.5312
    0.9375    0.5312
    0.9688    0.4375
    0.9688    0.5625
    0.9688    0.5938
    0.9375    0.5938
    0.9062    0.5625
    0.5938    0.9375
    0.5625    0.9688
    0.5312    0.9375
    0.5625    0.9062
    0.5938    0.9688
    0.4688    0.9688
    0.4375    0.9688
    0.4688    0.9375
    0.5312    0.9062
    0.1875    0.0312
    0.1562    0.0625
    0.1875    0.0938
    0.2188    0.0625
    0.1562    0.0312
    0.2812    0.0312
    0.3125    0.0312
    0.2812    0.0625
    0.2188    0.0938
    0.0312    0.1562
    0.0312    0.1875
    0.0625    0.1562
    0.0625    0.2188
    0.0938    0.1875
    0.0312    0.2812
    0.0625    0.2812
    0.0938    0.2188
    0.0312    0.3125
    0.7812    0.1562
    0.7812    0.1875
    0.7188    0.2188
    0.7188    0.1875
    0.8125    0.1562
    0.8438    0.1875
    0.8125    0.2188
    0.6875    0.2812
    0.6562    0.3125
    0.7188    0.3125
    0.6875    0.3438
    0.6562    0.2812
    0.6875    0.2188
    0.8438    0.2188
    0.7812    0.2812
    0.8125    0.2812
    0.7188    0.3438
    0.7812    0.3125
    0.6875    0.0312
    0.6562    0.0625
    0.6875    0.0938
    0.7188    0.0625
    0.6562    0.0312
    0.7812    0.0312
    0.8125    0.0312
    0.7812    0.0625
    0.7188    0.0938
    0.9688    0.2188
    0.9375    0.2188
    0.9062    0.2812
    0.9375    0.2812
    0.9688    0.1875
    0.9688    0.3125
    0.9688    0.3438
    0.9375    0.3438
    0.9062    0.3125
    0.8438    0.9375
    0.8125    0.9688
    0.7812    0.9375
    0.8125    0.9062
    0.8438    0.9688
    0.7188    0.9688
    0.6875    0.9688
    0.7188    0.9375
    0.7812    0.9062
    0.9688    0.7188
    0.9375    0.7188
    0.9062    0.7812
    0.9375    0.7812
    0.9688    0.6875
    0.9688    0.8125
    0.9688    0.8438
    0.9375    0.8438
    0.9062    0.8125
    0.0312    0.6562
    0.0312    0.6875
    0.0625    0.6562
    0.0625    0.7188
    0.0938    0.6875
    0.0312    0.7812
    0.0625    0.7812
    0.0938    0.7188
    0.0312    0.8125
    0.2812    0.6562
    0.2812    0.6875
    0.2188    0.7188
    0.2188    0.6875
    0.3125    0.6562
    0.3438    0.6875
    0.3125    0.7188
    0.1875    0.7812
    0.1562    0.8125
    0.2188    0.8125
    0.1875    0.8438
    0.1562    0.7812
    0.1875    0.7188
    0.3438    0.7188
    0.2812    0.7812
    0.3125    0.7812
    0.2188    0.8438
    0.2812    0.8125
    0.3438    0.9375
    0.3125    0.9688
    0.2812    0.9375
    0.3125    0.9062
    0.3438    0.9688
    0.2188    0.9688
    0.1875    0.9688
    0.2188    0.9375
    0.2812    0.9062
    0.2812    0.1562
    0.2812    0.1875
    0.2188    0.2188
    0.2188    0.1875
    0.3125    0.1562
    0.3125    0.2188
    0.3438    0.1875
    0.1875    0.2812
    0.1562    0.3125
    0.1875    0.3438
    0.2188    0.3125
    0.1562    0.2812
    0.1875    0.2188
    0.2188    0.3438
    0.2812    0.2812
    0.2812    0.3125
    0.3438    0.2188
    0.3125    0.2812
    0.5312    0.1562
    0.5312    0.1875
    0.4688    0.2188
    0.4688    0.1875
    0.5625    0.1562
    0.5625    0.2188
    0.5938    0.1875
    0.5312    0.2812
    0.5625    0.2812
    0.5938    0.2188
    0.5312    0.3125
    0.4688    0.3438
    0.4688    0.3125
    0.4375    0.3438
    0.4375    0.2812
    0.4062    0.3125
    0.4375    0.2188
    0.4062    0.2812
    0.1875    0.5312
    0.1562    0.5625
    0.1875    0.5938
    0.2188    0.5625
    0.1562    0.5312
    0.2188    0.4688
    0.1875    0.4688
    0.2812    0.5312
    0.3125    0.5312
    0.3438    0.4688
    0.3125    0.4688
    0.2812    0.5625
    0.2188    0.5938
    0.3438    0.4375
    0.3125    0.4062
    0.2812    0.4375
    0.2188    0.4375
    0.2812    0.4062
    0.8438    0.4375
    0.8125    0.4688
    0.7812    0.4375
    0.8125    0.4062
    0.8438    0.4688
    0.7812    0.5312
    0.8125    0.5312
    0.7188    0.4688
    0.6875    0.4688
    0.6562    0.5312
    0.6875    0.5312
    0.7188    0.4375
    0.7812    0.4062
    0.6562    0.5625
    0.7188    0.5625
    0.6875    0.5938
    0.7812    0.5625
    0.7188    0.5938
    0.4688    0.7188
    0.4375    0.7188
    0.4062    0.7812
    0.4375    0.7812
    0.4688    0.6875
    0.5312    0.6875
    0.5312    0.6562
    0.4688    0.8125
    0.4688    0.8438
    0.5312    0.8125
    0.5312    0.7812
    0.4375    0.8438
    0.4062    0.8125
    0.5625    0.7812
    0.5938    0.7188
    0.5625    0.7188
    0.5625    0.6562
    0.5938    0.6875
    0.8438    0.6875
    0.8125    0.7188
    0.7812    0.6875
    0.8125    0.6562
    0.8438    0.7188
    0.7812    0.7812
    0.8125    0.7812
    0.7188    0.8125
    0.7188    0.8438
    0.7812    0.8125
    0.6875    0.8438
    0.6562    0.8125
    0.6875    0.7812
    0.6562    0.7812
    0.7188    0.7188
    0.6875    0.7188
    0.7812    0.6562
    0.7188    0.6875
    0.0625    0.0938
    0.0938    0.0625
    0.0938    0.0938
    0.8438    0.0938
    0.8438    0.0625
    0.8125    0.0938
    0.9062    0.1562
    0.9375    0.1562
    0.9062    0.1875
    0.9062    0.9375
    0.9375    0.9062
    0.9062    0.9062
    0.0625    0.8438
    0.0938    0.8125
    0.0938    0.8438
    0.1562    0.9062
    0.1875    0.9062
    0.1562    0.9375
    0.3438    0.0938
    0.3438    0.0625
    0.3125    0.0938
    0.4062    0.1562
    0.4062    0.1875
    0.4375    0.1562
    0.5625    0.0938
    0.5938    0.0625
    0.5938    0.0938
    0.0625    0.3438
    0.0938    0.3125
    0.0938    0.3438
    0.1562    0.4062
    0.1562    0.4375
    0.1875    0.4062
    0.0625    0.5938
    0.0938    0.5625
    0.0938    0.5938
    0.5625    0.3438
    0.5938    0.3125
    0.5938    0.3438
    0.4375    0.4062
    0.4062    0.4375
    0.4062    0.4062
    0.6562    0.4062
    0.6875    0.4062
    0.6562    0.4375
    0.3438    0.5938
    0.3438    0.5625
    0.3125    0.5938
    0.4062    0.6562
    0.4375    0.6562
    0.4062    0.6875
    0.5938    0.5625
    0.5625    0.5938
    0.5938    0.5938
    0.9062    0.4375
    0.9375    0.4062
    0.9062    0.4062
    0.8438    0.5625
    0.8125    0.5938
    0.8438    0.5938
    0.9062    0.6562
    0.9375    0.6562
    0.9062    0.6875
    0.6562    0.9062
    0.6875    0.9062
    0.6562    0.9375
    0.5938    0.8438
    0.5625    0.8438
    0.5938    0.8125
    0.4062    0.9375
    0.4375    0.9062
    0.4062    0.9062
    0.1562    0.1562
    0.1562    0.1875
    0.1875    0.1562
    0.6875    0.1562
    0.6562    0.1875
    0.6562    0.1562
    0.8438    0.3125
    0.8125    0.3438
    0.8438    0.3438
    0.8438    0.8438
    0.8125    0.8438
    0.8438    0.8125
    0.1562    0.6562
    0.1562    0.6875
    0.1875    0.6562
    0.3438    0.8125
    0.3125    0.8438
    0.3438    0.8438
    0.3125    0.3438
    0.3438    0.3125
    0.3438    0.3438
    0.6562    0.6562
    0.6875    0.6562
    0.6562    0.6875
2048 Elements
           0         289         290
         289          81         705
         290         705          82
         705         290         289
          81         402         706
         402          25         401
         706         401         193
         401         706         402
          82         707         405
         707         193         406
         405         406          26
         406         405         707
         193         707         706
         707          82         705
         706         705          81
         705         706         707
          25         403         404
         403         114         781
         404         781         194
         781         404         403
         114         322         777
         322           9         321
         777         321         113
         321         777         322
         194         778         561
         778         113         562
         561         562          57
         562         561         778
         113         778         777
         778         194         781
         777         781         114
         781         777         778
          26         407         408
         407         195         786
         408         786         117
         786         408         407
         195         564         788
         564          57         563
         788         563         118
         563         788         564
         117         787         325
         787         118         326
         325         326          10
         326         325         787
         118         787         788
         787         117         786
         788         786         195
         786         788         787
          57         564         561
         564         195         995
         561         995         194
         995         561         564
         195         407         993
         407          26         406
         993         406         193
         406         993         407
         194         994         404
         994         193         401
         404         401          25
         401         404         994
         193         994         993
         994         194         995
         993         995         195
         995         993         994
           9         323         324
         323         115         782
         324         782         116
         782         324         323
         115         452         783
         452          36         451
         783         451         215
         451         783         452
         116         784         567
         784         215         568
         567         568          58
         568         567         784
         215         784         783
         784         116         782
         783         782         115
         782         783         784
          36         453         454
         453          92         727
         454         727         211
         727         454         453
          92         300         723
         300           4         299
         723         299          91
         299         723         300
         211         724         445
         724          91         446
         445         446          35
         446         445         724
          91         724         723
         724         211         727
         723         727          92
         727         723         724
          58         569         570
         569         212         885
         570         885         157
         885         570         569
         212         448         889
         448          35         447
         889         447         158
         447         889         448
         157         886         365
         886         158         366
         365         366          19
         366         365         886
         158         886         889
         886         157         885
         889         885         212
         885         889         886
          35         448         445
         448         212        1011
         445        1011         211
        1011         445         448
         212         569        1013
         569          58         568
        1013         568         215
         568        1013         569
         211        1012         454
        1012         215         451
         454         451          36
         451         454        1012
         215        1012        1013
        1012         211        1011
        1013        1011         212
        1011        1013        1012
          10         327         328
         327         119         791
         328         791         120
         791         328         327
         119         574         792
         574          59         573
         792         573         220
         573         792         574
         120         794         465
         794         220         466
         465         466          39
         466         465         794
         220         794         792
         794         120         791
         792         791         119
         791         792         794
          59         575         576
         575         160         896
         576         896         222
         896         576         575
         160         368         892
         368          19         367
         892         367         159
         367         892         368
         222         893         469
         893         159         470
         469         470          40
         470         469         893
         159         893         892
         893         222         896
         892         896         160
         896         892         893
          39         467         468
         467         221         732
         468         732          95
         732         468         467
         221         472         734
         472          40         471
         734         471          96
         471         734         472
          95         733         303
         733          96         304
         303         304           5
         304         303         733
          96         733         734
         733          95         732
         734         732         221
         732         734         733
          40         472         469
         472         221        1022
         469        1022         222
        1022         469         472
         221         467        1020
         467          39         466
        1020         466         220
         466        1020         467
         222        1021         576
        1021         220         573
         576         573          59
         573         576        1021
         220        1021        1020
        1021         222        1022
        1020        1022         221
        1022        1020        1021
          19         368         365
         368         160         887
         365         887         157
         887         365         368
         160         575         897
         575          59         577
         897         577         267
         577         897         575
         157         888         570
         888         267         571
         570         571          58
         571         570         888
         267         888         897
         888         157         887
         897         887         160
         887         897         888
          59         574         578
         574         119         793
         578         793         265
         793         578         574
         119         327         789
         327          10         326
         789         326         118
         326         789         327
         265         790         565
         790         118         563
         565         563          57
         563         565         790
         118         790         789
         790         265         793
         789         793         119
         793         789         790
          58         572         567
         572         266         785
         567         785         116
         785         567         572
         266         566         779
         566          57         562
         779         562         113
         562         779         566
         116         780         324
         780         113         321
         324         321           9
         321         324         780
         113         780         779
         780         116         785
         779         785         266
         785         779         780
          57         566         565
         566         266        1065
         565        1065         265
        1065         565         566
         266         572        1067
         572          58         571
        1067         571         267
         571        1067         572
         265        1066         578
        1066         267         577
         578         577          59
         577         578        1066
         267        1066        1067
        1066         265        1065
        1067        1065         266
        1065        1067        1066
           4         301         302
         301          93         728
         302         728          94
         728         302         301
          93         456         729
         456          37         455
         729         455         216
         455         729         456
          94         730         459
         730         216         460
         459         460          38
         460         459         730
         216         730         729
         730          94         728
         729         728          93
         728         729         730
          37         457         458
         457         128         817
         458         817         217
         817         458         457
         128         336         813
         336          12         335
         813         335         127
         335         813         336
         217         814         603
         814         127         604
         603         604          64
         604         603         814
         127         814         813
         814         217         817
         813         817         128
         817         813         814
          38         461         462
         461         218         903
         462         903         163
         903         462         461
         218         606         907
         606          64         605
         907         605         164
         605         907         606
         163         904         371
         904         164         372
         371         372          20
         372         371         904
         164         904         907
         904         163         903
         907         903         218
         903         907         904
          64         606         603
         606         218        1019
         603        1019         217
        1019         603         606
         218         461        1017
         461          38         460
        1017         460         216
         460        1017         461
         217        1018         458
        1018         216         455
         458         455          37
         455         458        1018
         216        1018        1017
        1018         217        1019
        1017        1019         218
        1019        1017        1018
          12         337         338
         337         129         818
         338         818         130
         818         338         337
         129         416         819
         416          28         415
         819         415         200
         415         819         416
         130         820         579
         820         200         580
         579         580          60
         580         579         820
         200         820         819
         820         130         818
         819         818         129
         818         819         820
          28         417         418
         417          84         712
         418         712         196
         712         418         417
          84         292         708
         292           1         291
         708         291          83
         291         708         292
         196         709         409
         709          83         410
         409         410          27
         410         409         709
          83         709         708
         709         196         712
         708         712          84
         712         708         709
          60         581         582
         581         197         795
         582         795         121
         795         582         581
         197         412         799
         412          27         411
         799         411         122
         411         799         412
         121         796         329
         796         122         330
         329         330          11
         330         329         796
         122         796         799
         796         121         795
         799         795         197
         795         799         796
          27         412         409
         412         197         996
         409         996         196
         996         409         412
         197         581         998
         581          60         580
         998         580         200
         580         998         581
         196         997         418
         997         200         415
         418         415          28
         415         418         997
         200         997         998
         997         196         996
         998         996         197
         996         998         997
          20         373         374
         373         165         910
         374         910         166
         910         374         373
         165         586         911
         586          61         585
         911         585         229
         585         911         586
         166         913         485
         913         229         486
         485         486          43
         486         485         913
         229         913         911
         913         166         910
         911         910         165
         910         911         913
          61         587         588
         587         124         806
         588         806         233
         806         588         587
         124         332         802
         332          11         331
         802         331         123
         331         802         332
         233         803         491
         803         123         492
         491         492          44
         492         491         803
         123         803         802
         803         233         806
         802         806         124
         806         802         803
          43         487         488
         487         230         741
         488         741          99
         741         488         487
         230         494         745
         494          44         493
         745         493         100
         493         745         494
          99         742         307
         742         100         308
         307         308           6
         308         307         742
         100         742         745
         742          99         741
         745         741         230
         741         745         742
          44         494         491
         494         230        1031
         491        1031         233
        1031         491         494
         230         487        1029
         487          43         486
        1029         486         229
         486        1029         487
         233        1030         588
        1030         229         585
         588         585          61
         585         588        1030
         229        1030        1029
        1030         233        1031
        1029        1031         230
        1031        1029        1030
          11         332         329
         332         124         797
         329         797         121
         797         329         332
         124         587         807
         587          61         589
         807         589         268
         589         807         587
         121         798         582
         798         268         583
         582         583          60
         583         582         798
         268         798         807
         798         121         797
         807         797         124
         797         807         798
          61         586         590
         586         165         912
         590         912         270
         912         590         586
         165         373         908
         373          20         372
         908         372         164
         372         908         373
         270         909         607
         909         164         605
         607         605          64
         605         607         909
         164         909         908
         909         270         912
         908         912         165
         912         908         909
          60         584         579
         584         269         821
         579         821         130
         821         579         584
         269         608         815
         608          64         604
         815         604         127
         604         815         608
         130         816         338
         816         127         335
         338         335          12
         335         338         816
         127         816         815
         816         130         821
         815         821         269
         821         815         816
          64         608         607
         608         269        1070
         607        1070         270
        1070         607         608
         269         584        1068
         584          60         583
        1068         583         268
         583        1068         584
         270        1069         590
        1069         268         589
         590         589          61
         589         590        1069
         268        1069        1068
        1069         270        1070
        1068        1070         269
        1070        1068        1069
           5         305         306
         305          97         737
         306         737          98
         737         306         305
          97         476         738
         476          41         475
         738         475         225
         475         738         476
          98         740         481
         740         225         482
         481         482          42
         482         481         740
         225         740         738
         740          98         737
         738         737          97
         737         738         740
          41         477         478
         477         170         925
         478         925         226
         925         478         477
         170         378         921
         378          21         377
         921         377         169
         377         921         378
         226         922         633
         922         169         634
         633         634          69
         634         633         922
         169         922         921
         922         226         925
         921         925         170
         925         921         922
          42         483         484
         483         228         849
         484         849         143
         849         484         483
         228         636         851
         636          69         635
         851         635         144
         635         851         636
         143         850         351
         850         144         352
         351         352          16
         352         351         850
         144         850         851
         850         143         849
         851         849         228
         849         851         850
          69         636         633
         636         228        1028
         633        1028         226
        1028         633         636
         228         483        1026
         483          42         482
        1026         482         225
         482        1026         483
         226        1027         478
        1027         225         475
         478         475          41
         475         478        1027
         225        1027        1026
        1027         226        1028
        1026        1028         228
        1028        1026        1027
          21         379         380
         379         171         928
         380         928         172
         928         380         379
         171         504         929
         504          46         503
         929         503         240
         503         929         504
         172         932         645
         932         240         646
         645         646          71
         646         645         932
         240         932         929
         932         172         928
         929         928         171
         928         929         932
          46         505         506
         505         102         752
         506         752         236
         752         506         505
         102         310         748
         310           6         309
         748         309         101
         309         748         310
         236         749         497
         749         101         498
         497         498          45
         498         497         749
         101         749         748
         749         236         752
         748         752         102
         752         748         749
          71         647         648
         647         237         858
         648         858         147
         858         648         647
         237         500         862
         500          45         499
         862         499         148
         499         862         500
         147         859         355
         859         148         356
         355         356          17
         356         355         859
         148         859         862
         859         147         858
         862         858         237
         858         862         859
          45         500         497
         500         237        1038
         497        1038         236
        1038         497         500
         237         647        1040
         647          71         646
        1040         646         240
         646        1040         647
         236        1039         506
        1039         240         503
         506         503          46
         503         506        1039
         240        1039        1040
        1039         236        1038
        1040        1038         237
        1038        1040        1039
          16         353         354
         353         145         854
         354         854         146
         854         354         353
         145         640         855
         640          70         639
         855         639         205
         639         855         640
         146         857         431
         857         205         432
         431         432          32
         432         431         857
         205         857         855
         857         146         854
         855         854         145
         854         855         857
          70         641         642
         641         150         869
         642         869         207
         869         642         641
         150         358         865
         358          17         357
         865         357         149
         357         865         358
         207         866         435
         866         149         436
         435         436          33
         436         435         866
         149         866         865
         866         207         869
         865         869         150
         869         865         866
          32         433         434
         433         206         717
         434         717          88
         717         434         433
         206         438         719
         438          33         437
         719         437          89
         437         719         438
          88         718         296
         718          89         297
         296         297           3
         297         296         718
          89         718         719
         718          88         717
         719         717         206
         717         719         718
          33         438         435
         438         206        1007
         435        1007         207
        1007         435         438
         206         433        1005
         433          32         432
        1005         432         205
         432        1005         433
         207        1006         642
        1006         205         639
         642         639          70
         639         642        1006
         205        1006        1005
        1006         207        1007
        1005        1007         206
        1007        1005        1006
          17         358         355
         358         150         860
         355         860         147
         860         355         358
         150         641         870
         641          70         643
         870         643         279
         643         870         641
         147         861         648
         861         279         649
         648         649          71
         649         648         861
         279         861         870
         861         147         860
         870         860         150
         860         870         861
          70         640         644
         640         145         856
         644         856         277
         856         644         640
         145         353         852
         353          16         352
         852         352         144
         352         852         353
         277         853         637
         853         144         635
         637         635          69
         635         637         853
         144         853         852
         853         277         856
         852         856         145
         856         852         853
          71         650         645
         650         278         933
         645         933         172
         933         645         650
         278         638         923
         638          69         634
         923         634         169
         634         923         638
         172         924         380
         924         169         377
         380         377          21
         377         380         924
         169         924         923
         924         172         933
         923         933         278
         933         923         924
          69         638         637
         638         278        1077
         637        1077         277
        1077         637         638
         278         650        1079
         650          71         649
        1079         649         279
         649        1079         650
         277        1078         644
        1078         279         643
         644         643          70
         643         644        1078
         279        1078        1079
        1078         277        1077
        1079        1077         278
        1077        1079        1078
           6         310         307
         310         102         743
         307         743          99
         743         307         310
         102         505         753
         505          46         507
         753         507         231
         507         753         505
          99         744         488
         744         231         489
         488         489          43
         489         488         744
         231         744         753
         744          99         743
         753         743         102
         743         753         744
          46         504         508
         504         171         930
         508         930         241
         930         508         504
         171         379         931
         379          21         381
         931         381         173
         381         931         379
         241         934         681
         934         173         682
         681         682          77
         682         681         934
         173         934         931
         934         241         930
         931         930         171
         930         931         934
          43         490         485
         490         232         914
         485         914         166
         914         485         490
         232         684         916
         684          77         683
         916         683         167
         683         916         684
         166         915         374
         915         167         375
         374         375          20
         375         374         915
         167         915         916
         915         166         914
         916         914         232
         914         916         915
          77         684         681
         684         232        1034
         681        1034         241
        1034         681         684
         232         490        1032
         490          43         489
        1032         489         231
         489        1032         490
         241        1033         508
        1033         231         507
         508         507          46
         507         508        1033
         231        1033        1032
        1033         241        1034
        1032        1034         232
        1034        1032        1033
          21         378         382
         378         170         926
         382         926         174
         926         382         378
         170         477         927
         477          41         479
         927         479         227
         479         927         477
         174         937         669
         937         227         670
         669         670          75
         670         669         937
         227         937         927
         937         174         926
         927         926         170
         926         927         937
          41         476         480
         476          97         739
         480         739         223
         739         480         476
          97         305         735
         305           5         304
         735         304          96
         304         735         305
         223         736         473
         736          96         471
         473         471          40
         471         473         736
          96         736         735
         736         223         739
         735         739          97
         739         735         736
          75         671         672
         671         224         898
         672         898         161
         898         672         671
         224         474         894
         474          40         470
         894         470         159
         470         894         474
         161         895         369
         895         159         367
         369         367          19
         367         369         895
         159         895         894
         895         161         898
         894         898         224
         898         894         895
          40         474         473
         474         224        1023
         473        1023         223
        1023         473         474
         224         671        1025
         671          75         670
        1025         670         227
         670        1025         671
         223        1024         480
        1024         227         479
         480         479          41
         479         480        1024
         227        1024        1025
        1024         223        1023
        1025        1023         224
        1023        1025        1024
          20         376         371
         376         168         905
         371         905         163
         905         371         376
         168         676         919
         676          76         675
         919         675         219
         675         919         676
         163         906         462
         906         219         463
         462         463          38
         463         462         906
         219         906         919
         906         163         905
         919         905         168
         905         919         906
          76         677         678
         677         162         901
         678         901         213
         901         678         677
         162         370         890
         370          19         366
         890         366         158
         366         890         370
         213         891         449
         891         158         447
         449         447          35
         447         449         891
         158         891         890
         891         213         901
         890         901         162
         901         890         891
          38         464         459
         464         214         731
         459         731          94
         731         459         464
         214         450         725
         450          35         446
         725         446          91
         446         725         450
          94         726         302
         726          91         299
         302         299           4
         299         302         726
          91         726         725
         726          94         731
         725         731         214
         731         725         726
          35         450         449
         450         214        1014
         449        1014         213
        1014         449         450
         214         464        1016
         464          38         463
        1016         463         219
         463        1016         464
         213        1015         678
        1015         219         675
         678         675          76
         675         678        1015
         219        1015        1016
        1015         213        1014
        1016        1014         214
        1014        1016        1015
          19         370         369
         370         162         899
         369         899         161
         899         369         370
         162         677         902
         677          76         679
         902         679         283
         679         902         677
         161         900         672
         900         283         673
         672         673          75
         673         672         900
         283         900         902
         900         161         899
         902         899         162
         899         902         900
          76         676         680
         676         168         920
         680         920         285
         920         680         676
         168         376         917
         376          20         375
         917         375         167
         375         917         376
         285         918         685
         918         167         683
         685         683          77
         683         685         918
         167         918         917
         918         285         920
         917         920         168
         920         917         918
          75         674         669
         674         284         938
         669         938         174
         938         669         674
         284         686         935
         686          77         682
         935         682         173
         682         935         686
         174         936         382
         936         173         381
         382         381          21
         381         382         936
         173         936         935
         936         174         938
         935         938         284
         938         935         936
          77         686         685
         686         284        1085
         685        1085         285
        1085         685         686
         284         674        1083
         674          75         673
        1083         673         283
         673        1083         674
         285        1084         680
        1084         283         679
         680         679          76
         679         680        1084
         283        1084        1083
        1084         285        1085
        1083        1085         284
        1085        1083        1084
           1         293         291
         293          85         710
         291         710          83
         710         291         293
          85         420         713
         420          29         419
         713         419         198
         419         713         420
          83         711         410
         711         198         413
         410         413          27
         413         410         711
         198         711         713
         711          83         710
         713         710          85
         710         713         711
          29         421         422
         421         132         826
         422         826         201
         826         422         421
         132         340         822
         340          13         339
         822         339         131
         339         822         340
         201         823         591
         823         131         592
         591         592          62
         592         591         823
         131         823         822
         823         201         826
         822         826         132
         826         822         823
          27         414         411
         414         199         800
         411         800         122
         800         411         414
         199         594         808
         594          62         593
         808         593         125
         593         808         594
         122         801         330
         801         125         333
         330         333          11
         333         330         801
         125         801         808
         801         122         800
         808         800         199
         800         808         801
          62         594         591
         594         199        1001
         591        1001         201
        1001         591         594
         199         414         999
         414          27         413
         999         413         198
         413         999         414
         201        1000         422
        1000         198         419
         422         419          29
         419         422        1000
         198        1000         999
        1000         201        1001
         999        1001         199
        1001         999        1000
          13         341         342
         341         133         827
         342         827         134
         827         342         341
         133         528         828
         528          50         527
         828         527         251
         527         828         528
         134         829         609
         829         251         610
         609         610          65
         610         609         829
         251         829         828
         829         134         827
         828         827         133
         827         828         829
          50         529         530
         529         106         763
         530         763         247
         763         530         529
         106         314         759
         314           7         313
         759         313         105
         313         759         314
         247         760         521
         760         105         522
         521         522          49
         522         521         760
         105         760         759
         760         247         763
         759         763         106
         763         759         760
          65         611         612
         611         248         939
         612         939         175
         939         612         611
         248         524         943
         524          49         523
         943         523         176
         523         943         524
         175         940         383
         940         176         384
         383         384          22
         384         383         940
         176         940         943
         940         175         939
         943         939         248
         939         943         940
          49         524         521
         524         248        1047
         521        1047         247
        1047         521         524
         248         611        1049
         611          65         610
        1049         610         251
         610        1049         611
         247        1048         530
        1048         251         527
         530         527          50
         527         530        1048
         251        1048        1049
        1048         247        1047
        1049        1047         248
        1047        1049        1048
          11         334         331
         334         126         804
         331         804         123
         804         331         334
         126         598         811
         598          63         597
         811         597         234
         597         811         598
         123         805         492
         805         234         495
         492         495          44
         495         492         805
         234         805         811
         805         123         804
         811         804         126
         804         811         805
          63         599         600
         599         178         950
         600         950         242
         950         600         599
         178         386         946
         386          22         385
         946         385         177
         385         946         386
         242         947         509
         947         177         510
         509         510          47
         510         509         947
         177         947         946
         947         242         950
         946         950         178
         950         946         947
          44         496         493
         496         235         746
         493         746         100
         746         493         496
         235         512         754
         512          47         511
         754         511         103
         511         754         512
         100         747         308
         747         103         311
         308         311           6
         311         308         747
         103         747         754
         747         100         746
         754         746         235
         746         754         747
          47         512         509
         512         235        1037
         509        1037         242
        1037         509         512
         235         496        1035
         496          44         495
        1035         495         234
         495        1035         496
         242        1036         600
        1036         234         597
         600         597          63
         597         600        1036
         234        1036        1035
        1036         242        1037
        1035        1037         235
        1037        1035        1036
          22         386         383
         386         178         941
         383         941         175
         941         383         386
         178         599         951
         599          63         601
         951         601         273
         601         951         599
         175         942         612
         942         273         613
         612         613          65
         613         612         942
         273         942         951
         942         175         941
         951         941         178
         941         951         942
          63         598         602
         598         126         812
         602         812         271
         812         602         598
         126         334         809
         334          11         333
         809         333         125
         333         809         334
         271         810         595
         810         125         593
         595         593          62
         593         595         810
         125         810         809
         810         271         812
         809         812         126
         812         809         810
          65         614         609
         614         272         830
         609         830         134
         830         609         614
         272         596         824
         596          62         592
         824         592         131
         592         824         596
         134         825         342
         825         131         339
         342         339          13
         339         342         825
         131         825         824
         825         134         830
         824         830         272
         830         824         825
          62         596         595
         596         272        1071
         595        1071         271
        1071         595         596
         272         614        1073
         614          65         613
        1073         613         273
         613        1073         614
         271        1072         602
        1072         273         601
         602         601          63
         601         602        1072
         273        1072        1073
        1072         271        1071
        1073        1071         272
        1071        1073        1072
           7         315         316
         315         107         764
         316         764         108
         764         316         315
         107         532         765
         532          51         531
         765         531         252
         531         765         532
         108         766         535
         766         252         536
         535         536          52
         536         535         766
         252         766         765
         766         108         764
         765         764         107
         764         765         766
          51         533         534
         533         140         844
         534         844         253
         844         534         533
         140         348         840
         348          15         347
         840         347         139
         347         840         348
         253         841         627
         841         139         628
         627         628          68
         628         627         841
         139         841         840
         841         253         844
         840         844         140
         844         840         841
          52         537         538
         537         254         975
         538         975         187
         975         538         537
         254         630         979
         630          68         629
         979         629         188
         629         979         630
         187         976         395
         976         188         396
         395         396          24
         396         395         976
         188         976         979
         976         187         975
         979         975         254
         975         979         976
          68         630         627
         630         254        1055
         627        1055         253
        1055         627         630
         254         537        1053
         537          52         536
        1053         536         252
         536        1053         537
         253        1054         534
        1054         252         531
         534         531          51
         531         534        1054
         252        1054        1053
        1054         253        1055
        1053        1055         254
        1055        1053        1054
          15         349         350
         349         141         845
         350         845         142
         845         350         349
         141         428         846
         428          31         427
         846         427         204
         427         846         428
         142         847         615
         847         204         616
         615         616          66
         616         615         847
         204         847         846
         847         142         845
         846         845         141
         845         846         847
          31         429         430
         429          87         716
         430         716         202
         716         430         429
          87         295         714
         295           2         294
         714         294          86
         294         714         295
         202         715         423
         715          86         424
         423         424          30
         424         423         715
          86         715         714
         715         202         716
         714         716          87
         716         714         715
          66         617         618
         617         203         831
         618         831         135
         831         618         617
         203         426         835
         426          30         425
         835         425         136
         425         835         426
         135         832         343
         832         136         344
         343         344          14
         344         343         832
         136         832         835
         832         135         831
         835         831         203
         831         835         832
          30         426         423
         426         203        1002
         423        1002         202
        1002         423         426
         203         617        1004
         617          66         616
        1004         616         204
         616        1004         617
         202        1003         430
        1003         204         427
         430         427          31
         427         430        1003
         204        1003        1004
        1003         202        1002
        1004        1002         203
        1002        1004        1003
          24         397         398
         397         189         982
         398         982         190
         982         398         397
         189         622         983
         622          67         621
         983         621         256
         621         983         622
         190         985         541
         985         256         542
         541         542          53
         542         541         985
         256         985         983
         985         190         982
         983         982         189
         982         983         985
          67         623         624
         623         138         838
         624         838         260
         838         624         623
         138         346         836
         346          14         345
         836         345         137
         345         836         346
         260         837         547
         837         137         548
         547         548          54
         548         547         837
         137         837         836
         837         260         838
         836         838         138
         838         836         837
          53         543         544
         543         257         768
         544         768         109
         768         544         543
         257         550         772
         550          54         549
         772         549         110
         549         772         550
         109         769         317
         769         110         318
         317         318           8
         318         317         769
         110         769         772
         769         109         768
         772         768         257
         768         772         769
          54         550         547
         550         257        1058
         547        1058         260
        1058         547         550
         257         543        1056
         543          53         542
        1056         542         256
         542        1056         543
         260        1057         624
        1057         256         621
         624         621          67
         621         624        1057
         256        1057        1056
        1057         260        1058
        1056        1058         257
        1058        1056        1057
          14         346         343
         346         138         833
         343         833         135
         833         343         346
         138         623         839
         623          67         625
         839         625         274
         625         839         623
         135         834         618
         834         274         619
         618         619          66
         619         618         834
         274         834         839
         834         135         833
         839         833         138
         833         839         834
          67         622         626
         622         189         984
         626         984         276
         984         626         622
         189         397         980
         397          24         396
         980         396         188
         396         980         397
         276         981         631
         981         188         629
         631         629          68
         629         631         981
         188         981         980
         981         276         984
         980         984         189
         984         980         981
          66         620         615
         620         275         848
         615         848         142
         848         615         620
         275         632         842
         632          68         628
         842         628         139
         628         842         632
         142         843         350
         843         139         347
         350         347          15
         347         350         843
         139         843         842
         843         142         848
         842         848         275
         848         842         843
          68         632         631
         632         275        1076
         631        1076         276
        1076         631         632
         275         620        1074
         620          66         619
        1074         619         274
         619        1074         620
         276        1075         626
        1075         274         625
         626         625          67
         625         626        1075
         274        1075        1074
        1075         276        1076
        1074        1076         275
        1076        1074        1075
           6         312         309
         312         104         750
         309         750         101
         750         309         312
         104         516         757
         516          48         515
         757         515         238
         515         757         516
         101         751         498
         751         238         501
         498         501          45
         501         498         751
         238         751         757
         751         101         750
         757         750         104
         750         757         751
          48         517         518
         517         182         961
         518         961         245
         961         518         517
         182         390         957
         390          23         389
         957         389         181
         389         957         390
         245         958         651
         958         181         652
         651         652          72
         652         651         958
         181         958         957
         958         245         961
         957         961         182
         961         957         958
          45         502         499
         502         239         863
         499         863         148
         863         499         502
         239         654         871
         654          72         653
         871         653         151
         653         871         654
         148         864         356
         864         151         359
         356         359          17
         359         356         864
         151         864         871
         864         148         863
         871         863         239
         863         871         864
          72         654         651
         654         239        1043
         651        1043         245
        1043         651         654
         239         502        1041
         502          45         501
        1041         501         238
         501        1041         502
         245        1042         518
        1042         238         515
         518         515          48
         515         518        1042
         238        1042        1041
        1042         245        1043
        1041        1043         239
        1043        1041        1042
          23         391         392
         391         183         964
         392         964         184
         964         392         391
         183         556         965
         556          56         555
         965         555         263
         555         965         556
         184         968         663
         968         263         664
         663         664          74
         664         663         968
         263         968         965
         968         184         964
         965         964         183
         964         965         968
          56         557         558
         557         112         775
         558         775         261
         775         558         557
         112         320         773
         320           8         319
         773         319         111
         319         773         320
         261         774         551
         774         111         552
         551         552          55
         552         551         774
         111         774         773
         774         261         775
         773         775         112
         775         773         774
          74         665         666
         665         262         876
         666         876         153
         876         666         665
         262         554         880
         554          55         553
         880         553         154
         553         880         554
         153         877         361
         877         154         362
         361         362          18
         362         361         877
         154         877         880
         877         153         876
         880         876         262
         876         880         877
          55         554         551
         554         262        1062
         551        1062         261
        1062         551         554
         262         665        1064
         665          74         664
        1064         664         263
         664        1064         665
         261        1063         558
        1063         263         555
         558         555          56
         555         558        1063
         263        1063        1064
        1063         261        1062
        1064        1062         262
        1062        1064        1063
          17         360         357
         360         152         867
         357         867         149
         867         357         360
         152         658         874
         658          73         657
         874         657         208
         657         874         658
         149         868         436
         868         208         439
         436         439          33
         439         436         868
         208         868         874
         868         149         867
         874         867         152
         867         874         868
          73         659         660
         659         156         883
         660         883         210
         883         660         659
         156         364         881
         364          18         363
         881         363         155
         363         881         364
         210         882         441
         882         155         442
         441         442          34
         442         441         882
         155         882         881
         882         210         883
         881         883         156
         883         881         882
          33         440         437
         440         209         720
         437         720          89
         720         437         440
         209         444         722
         444          34         443
         722         443          90
         443         722         444
          89         721         297
         721          90         298
         297         298           3
         298         297         721
          90         721         722
         721          89         720
         722         720         209
         720         722         721
          34         444         441
         444         209        1010
         441        1010         210
        1010         441         444
         209         440        1008
         440          33         439
        1008         439         208
         439        1008         440
         210        1009         660
        1009         208         657
         660         657          73
         657         660        1009
         208        1009        1008
        1009         210        1010
        1008        1010         209
        1010        1008        1009
          18         364         361
         364         156         878
         361         878         153
         878         361         364
         156         659         884
         659          73         661
         884         661         282
         661         884         659
         153         879         666
         879         282         667
         666         667          74
         667         666         879
         282         879         884
         879         153         878
         884         878         156
         878         884         879
          73         658         662
         658         152         875
         662         875         280
         875         662         658
         152         360         872
         360          17         359
         872         359         151
         359         872         360
         280         873         655
         873         151         653
         655         653          72
         653         655         873
         151         873         872
         873         280         875
         872         875         152
         875         872         873
          74         668         663
         668         281         969
         663         969         184
         969         663         668
         281         656         959
         656          72         652
         959         652         181
         652         959         656
         184         960         392
         960         181         389
         392         389          23
         389         392         960
         181         960         959
         960         184         969
         959         969         281
         969         959         960
          72         656         655
         656         281        1080
         655        1080         280
        1080         655         656
         281         668        1082
         668          74         667
        1082         667         282
         667        1082         668
         280        1081         662
        1081         282         661
         662         661          73
         661         662        1081
         282        1081        1082
        1081         280        1080
        1082        1080         281
        1080        1082        1081
           8         320         317
         320         112         770
         317         770         109
         770         317         320
         112         557         776
         557          56         559
         776         559         258
         559         776         557
         109         771         544
         771         258         545
         544         545          53
         545         544         771
         258         771         776
         771         109         770
         776         770         112
         770         776         771
          56         556         560
         556         183         966
         560         966         264
         966         560         556
         183         391         967
         391          23         393
         967         393         185
         393         967         391
         264         970         699
         970         185         700
         699         700          80
         700         699         970
         185         970         967
         970         264         966
         967         966         183
         966         967         970
          53         546         541
         546         259         986
         541         986         190
         986         541         546
         259         702         988
         702          80         701
         988         701         191
         701         988         702
         190         987         398
         987         191         399
         398         399          24
         399         398         987
         191         987         988
         987         190         986
         988         986         259
         986         988         987
          80         702         699
         702         259        1061
         699        1061         264
        1061         699         702
         259         546        1059
         546          53         545
        1059         545         258
         545        1059         546
         264        1060         560
        1060         258         559
         560         559          56
         559         560        1060
         258        1060        1059
        1060         264        1061
        1059        1061         259
        1061        1059        1060
          23         390         394
         390         182         962
         394         962         186
         962         394         390
         182         517         963
         517          48         519
         963         519         246
         519         963         517
         186         973         687
         973         246         688
         687         688          78
         688         687         973
         246         973         963
         973         186         962
         963         962         182
         962         963         973
          48         516         520
         516         104         758
         520         758         243
         758         520         516
         104         312         755
         312           6         311
         755         311         103
         311         755         312
         243         756         513
         756         103         511
         513         511          47
         511         513         756
         103         756         755
         756         243         758
         755         758         104
         758         755         756
          78         689         690
         689         244         952
         690         952         179
         952         690         689
         244         514         948
         514          47         510
         948         510         177
         510         948         514
         179         949         387
         949         177         385
         387         385          22
         385         387         949
         177         949         948
         949         179         952
         948         952         244
         952         948         949
          47         514         513
         514         244        1044
         513        1044         243
        1044         513         514
         244         689        1046
         689          78         688
        1046         688         246
         688        1046         689
         243        1045         520
        1045         246         519
         520         519          48
         519         520        1045
         246        1045        1046
        1045         243        1044
        1046        1044         244
        1044        1046        1045
          24         400         395
         400         192         977
         395         977         187
         977         395         400
         192         694         991
         694          79         693
         991         693         255
         693         991         694
         187         978         538
         978         255         539
         538         539          52
         539         538         978
         255         978         991
         978         187         977
         991         977         192
         977         991         978
          79         695         696
         695         180         955
         696         955         249
         955         696         695
         180         388         944
         388          22         384
         944         384         176
         384         944         388
         249         945         525
         945         176         523
         525         523          49
         523         525         945
         176         945         944
         945         249         955
         944         955         180
         955         944         945
          52         540         535
         540         250         767
         535         767         108
         767         535         540
         250         526         761
         526          49         522
         761         522         105
         522         761         526
         108         762         316
         762         105         313
         316         313           7
         313         316         762
         105         762         761
         762         108         767
         761         767         250
         767         761         762
          49         526         525
         526         250        1050
         525        1050         249
        1050         525         526
         250         540        1052
         540          52         539
        1052         539         255
         539        1052         540
         249        1051         696
        1051         255         693
         696         693          79
         693         696        1051
         255        1051        1052
        1051         249        1050
        1052        1050         250
        1050        1052        1051
          22         388         387
         388         180         953
         387         953         179
         953         387         388
         180         695         956
         695          79         697
         956         697         286
         697         956         695
         179         954         690
         954         286         691
         690         691          78
         691         690         954
         286         954         956
         954         179         953
         956         953         180
         953         956         954
          79         694         698
         694         192         992
         698         992         288
         992         698         694
         192         400         989
         400          24         399
         989         399         191
         399         989         400
         288         990         703
         990         191         701
         703         701          80
         701         703         990
         191         990         989
         990         288         992
         989         992         192
         992         989         990
          78         692         687
         692         287         974
         687         974         186
         974         687         692
         287         704         971
         704          80         700
         971         700         185
         700         971         704
         186         972         394
         972         185         393
         394         393          23
         393         394         972
         185         972         971
         972         186         974
         971         974         287
         974         971         972
          80         704         703
         704         287        1088
         703        1088         288
        1088         703         704
         287         692        1086
         692          78         691
        1086         691         286
         691        1086         692
         288        1087         698
        1087         286         697
         698         697          79
         697         698        1087
         286        1087        1086
        1087         288        1088
        1086        1088         287
        1088        1086        1087
