289 Vertices

         0         0
    1.0000         0
    1.0000    1.0000
         0    1.0000
    0.5000         0
         0    0.5000
    0.5000    0.5000
    1.0000    0.5000
    0.5000    1.0000
    0.2500         0
         0    0.2500
    0.7500    0.2500
    0.7500         0
    1.0000    0.2500
    0.7500    1.0000
    1.0000    0.7500
         0    0.7500
    0.2500    0.7500
    0.2500    1.0000
    0.2500    0.2500
    0.5000    0.2500
    0.2500    0.5000
    0.7500    0.5000
    0.5000    0.7500
    0.7500    0.7500
    0.1250         0
         0    0.1250
    0.8750    0.1250
    0.8750         0
    1.0000    0.1250
    0.8750    1.0000
    1.0000    0.8750
         0    0.8750
    0.1250    0.8750
    0.1250    1.0000
    0.3750    0.1250
    0.3750         0
    0.6250         0
    0.5000    0.1250
         0    0.3750
    0.1250    0.3750
    0.1250    0.5000
         0    0.6250
    0.5000    0.3750
    0.6250    0.3750
    0.3750    0.6250
    0.3750    0.5000
    0.6250    0.5000
    0.5000    0.6250
    0.8750    0.5000
    1.0000    0.3750
    1.0000    0.6250
    0.8750    0.6250
    0.6250    0.8750
    0.6250    1.0000
    0.3750    1.0000
    0.5000    0.8750
    0.1250    0.1250
    0.2500    0.1250
    0.1250    0.2500
    0.7500    0.1250
    0.6250    0.2500
    0.8750    0.2500
    0.7500    0.3750
    0.6250    0.1250
    0.8750    0.3750
    0.8750    0.8750
    0.7500    0.8750
    0.8750    0.7500
    0.1250    0.6250
    0.1250    0.7500
    0.2500    0.6250
    0.3750    0.7500
    0.2500    0.8750
    0.3750    0.8750
    0.2500    0.3750
    0.3750    0.2500
    0.3750    0.3750
    0.6250    0.6250
    0.7500    0.6250
    0.6250    0.7500
    0.0625         0
         0    0.0625
    0.9375    0.0625
    0.9375         0
    1.0000    0.0625
    0.9375    1.0000
    1.0000    0.9375
         0    0.9375
    0.0625    0.9375
    0.0625    1.0000
    0.4375    0.0625
    0.4375         0
    0.5625         0
    0.5000    0.0625
         0    0.4375
    0.0625    0.4375
    0.0625    0.5000
         0    0.5625
    0.5000    0.4375
    0.5625    0.4375
    0.4375    0.5625
    0.4375    0.5000
    0.5625    0.5000
    0.5000    0.5625
    0.9375    0.5000
    1.0000    0.4375
    1.0000    0.5625
    0.9375    0.5625
    0.5625    0.9375
    0.5625    1.0000
    0.4375    1.0000
    0.5000    0.9375
    0.1875    0.0625
    0.1875         0
    0.3125         0
    0.2500    0.0625
         0    0.1875
    0.0625    0.1875
    0.0625    0.2500
         0    0.3125
    0.7500    0.1875
    0.8125    0.1875
    0.6875    0.3125
    0.6875    0.2500
    0.8125    0.2500
    0.7500    0.3125
    0.6875    0.0625
    0.6875         0
    0.8125         0
    0.7500    0.0625
    0.9375    0.2500
    1.0000    0.1875
    1.0000    0.3125
    0.9375    0.3125
    0.8125    0.9375
    0.8125    1.0000
    0.6875    1.0000
    0.7500    0.9375
    0.9375    0.7500
    1.0000    0.6875
    1.0000    0.8125
    0.9375    0.8125
         0    0.6875
    0.0625    0.6875
    0.0625    0.7500
         0    0.8125
    0.2500    0.6875
    0.3125    0.6875
    0.1875    0.8125
    0.1875    0.7500
    0.3125    0.7500
    0.2500    0.8125
    0.3125    0.9375
    0.3125    1.0000
    0.1875    1.0000
    0.2500    0.9375
    0.2500    0.1875
    0.3125    0.1875
    0.1875    0.3125
    0.1875    0.2500
    0.2500    0.3125
    0.3125    0.2500
    0.5000    0.1875
    0.5625    0.1875
    0.5625    0.2500
    0.5000    0.3125
    0.4375    0.3125
    0.4375    0.2500
    0.1875    0.5625
    0.1875    0.5000
    0.3125    0.5000
    0.2500    0.5625
    0.3125    0.4375
    0.2500    0.4375
    0.8125    0.4375
    0.8125    0.5000
    0.6875    0.5000
    0.7500    0.4375
    0.6875    0.5625
    0.7500    0.5625
    0.4375    0.7500
    0.5000    0.6875
    0.5000    0.8125
    0.4375    0.8125
    0.5625    0.7500
    0.5625    0.6875
    0.8125    0.6875
    0.8125    0.7500
    0.7500    0.8125
    0.6875    0.8125
    0.6875    0.7500
    0.7500    0.6875
    0.0625    0.0625
    0.1250    0.0625
    0.0625    0.1250
    0.8750    0.0625
    0.8125    0.1250
    0.9375    0.1250
    0.8750    0.1875
    0.8125    0.0625
    0.9375    0.1875
    0.9375    0.9375
    0.8750    0.9375
    0.9375    0.8750
    0.0625    0.8125
    0.0625    0.8750
    0.1250    0.8125
    0.1875    0.8750
    0.1250    0.9375
    0.1875    0.9375
    0.3750    0.0625
    0.3125    0.1250
    0.3750    0.1875
    0.4375    0.1250
    0.3125    0.0625
    0.5625    0.0625
    0.6250    0.0625
    0.5625    0.1250
    0.4375    0.1875
    0.0625    0.3125
    0.0625    0.3750
    0.1250    0.3125
    0.1250    0.4375
    0.1875    0.3750
    0.0625    0.5625
    0.1250    0.5625
    0.1875    0.4375
    0.0625    0.6250
    0.5625    0.3125
    0.5625    0.3750
    0.4375    0.4375
    0.4375    0.3750
    0.6250    0.3125
    0.6875    0.3750
    0.6250    0.4375
    0.3750    0.5625
    0.3125    0.6250
    0.4375    0.6250
    0.3750    0.6875
    0.3125    0.5625
    0.3750    0.4375
    0.6875    0.4375
    0.5625    0.5625
    0.6250    0.5625
    0.4375    0.6875
    0.5625    0.6250
    0.9375    0.4375
    0.8750    0.4375
    0.8125    0.5625
    0.8750    0.5625
    0.9375    0.3750
    0.9375    0.6250
    0.9375    0.6875
    0.8750    0.6875
    0.8125    0.6250
    0.6875    0.8750
    0.6250    0.9375
    0.5625    0.8750
    0.6250    0.8125
    0.6875    0.9375
    0.4375    0.9375
    0.3750    0.9375
    0.4375    0.8750
    0.5625    0.8125
    0.1250    0.1875
    0.1875    0.1250
    0.1875    0.1875
    0.6875    0.1875
    0.6875    0.1250
    0.6250    0.1875
    0.8125    0.3125
    0.8750    0.3125
    0.8125    0.3750
    0.8125    0.8750
    0.8750    0.8125
    0.8125    0.8125
    0.1250    0.6875
    0.1875    0.6250
    0.1875    0.6875
    0.3125    0.8125
    0.3750    0.8125
    0.3125    0.8750
    0.3125    0.3125
    0.3125    0.3750
    0.3750    0.3125
    0.6875    0.6250
    0.6250    0.6875
    0.6875    0.6875
512 Elements
     0    81    82
    81    25   193
    82   193    26
   193    82    81
    25   114   194
   114     9   113
   194   113    57
   113   194   114
    26   195   117
   195    57   118
   117   118    10
   118   117   195
    57   195   194
   195    26   193
   194   193    25
   193   194   195
     9   115   116
   115    36   215
   116   215    58
   215   116   115
    36    92   211
    92     4    91
   211    91    35
    91   211    92
    58   212   157
   212    35   158
   157   158    19
   158   157   212
    35   212   211
   212    58   215
   211   215    36
   215   211   212
    10   119   120
   119    59   220
   120   220    39
   220   120   119
    59   160   222
   160    19   159
   222   159    40
   159   222   160
    39   221    95
   221    40    96
    95    96     5
    96    95   221
    40   221   222
   221    39   220
   222   220    59
   220   222   221
    19   160   157
   160    59   267
   157   267    58
   267   157   160
    59   119   265
   119    10   118
   265   118    57
   118   265   119
    58   266   116
   266    57   113
   116   113     9
   113   116   266
    57   266   265
   266    58   267
   265   267    59
   267   265   266
     4    93    94
    93    37   216
    94   216    38
   216    94    93
    37   128   217
   128    12   127
   217   127    64
   127   217   128
    38   218   163
   218    64   164
   163   164    20
   164   163   218
    64   218   217
   218    38   216
   217   216    37
   216   217   218
    12   129   130
   129    28   200
   130   200    60
   200   130   129
    28    84   196
    84     1    83
   196    83    27
    83   196    84
    60   197   121
   197    27   122
   121   122    11
   122   121   197
    27   197   196
   197    60   200
   196   200    28
   200   196   197
    20   165   166
   165    61   229
   166   229    43
   229   166   165
    61   124   233
   124    11   123
   233   123    44
   123   233   124
    43   230    99
   230    44   100
    99   100     6
   100    99   230
    44   230   233
   230    43   229
   233   229    61
   229   233   230
    11   124   121
   124    61   268
   121   268    60
   268   121   124
    61   165   270
   165    20   164
   270   164    64
   164   270   165
    60   269   130
   269    64   127
   130   127    12
   127   130   269
    64   269   270
   269    60   268
   270   268    61
   268   270   269
     5    97    98
    97    41   225
    98   225    42
   225    98    97
    41   170   226
   170    21   169
   226   169    69
   169   226   170
    42   228   143
   228    69   144
   143   144    16
   144   143   228
    69   228   226
   228    42   225
   226   225    41
   225   226   228
    21   171   172
   171    46   240
   172   240    71
   240   172   171
    46   102   236
   102     6   101
   236   101    45
   101   236   102
    71   237   147
   237    45   148
   147   148    17
   148   147   237
    45   237   236
   237    71   240
   236   240    46
   240   236   237
    16   145   146
   145    70   205
   146   205    32
   205   146   145
    70   150   207
   150    17   149
   207   149    33
   149   207   150
    32   206    88
   206    33    89
    88    89     3
    89    88   206
    33   206   207
   206    32   205
   207   205    70
   205   207   206
    17   150   147
   150    70   279
   147   279    71
   279   147   150
    70   145   277
   145    16   144
   277   144    69
   144   277   145
    71   278   172
   278    69   169
   172   169    21
   169   172   278
    69   278   277
   278    71   279
   277   279    70
   279   277   278
     6   102    99
   102    46   231
    99   231    43
   231    99   102
    46   171   241
   171    21   173
   241   173    77
   173   241   171
    43   232   166
   232    77   167
   166   167    20
   167   166   232
    77   232   241
   232    43   231
   241   231    46
   231   241   232
    21   170   174
   170    41   227
   174   227    75
   227   174   170
    41    97   223
    97     5    96
   223    96    40
    96   223    97
    75   224   161
   224    40   159
   161   159    19
   159   161   224
    40   224   223
   224    75   227
   223   227    41
   227   223   224
    20   168   163
   168    76   219
   163   219    38
   219   163   168
    76   162   213
   162    19   158
   213   158    35
   158   213   162
    38   214    94
   214    35    91
    94    91     4
    91    94   214
    35   214   213
   214    38   219
   213   219    76
   219   213   214
    19   162   161
   162    76   283
   161   283    75
   283   161   162
    76   168   285
   168    20   167
   285   167    77
   167   285   168
    75   284   174
   284    77   173
   174   173    21
   173   174   284
    77   284   285
   284    75   283
   285   283    76
   283   285   284
     1    85    83
    85    29   198
    83   198    27
   198    83    85
    29   132   201
   132    13   131
   201   131    62
   131   201   132
    27   199   122
   199    62   125
   122   125    11
   125   122   199
    62   199   201
   199    27   198
   201   198    29
   198   201   199
    13   133   134
   133    50   251
   134   251    65
   251   134   133
    50   106   247
   106     7   105
   247   105    49
   105   247   106
    65   248   175
   248    49   176
   175   176    22
   176   175   248
    49   248   247
   248    65   251
   247   251    50
   251   247   248
    11   126   123
   126    63   234
   123   234    44
   234   123   126
    63   178   242
   178    22   177
   242   177    47
   177   242   178
    44   235   100
   235    47   103
   100   103     6
   103   100   235
    47   235   242
   235    44   234
   242   234    63
   234   242   235
    22   178   175
   178    63   273
   175   273    65
   273   175   178
    63   126   271
   126    11   125
   271   125    62
   125   271   126
    65   272   134
   272    62   131
   134   131    13
   131   134   272
    62   272   271
   272    65   273
   271   273    63
   273   271   272
     7   107   108
   107    51   252
   108   252    52
   252   108   107
    51   140   253
   140    15   139
   253   139    68
   139   253   140
    52   254   187
   254    68   188
   187   188    24
   188   187   254
    68   254   253
   254    52   252
   253   252    51
   252   253   254
    15   141   142
   141    31   204
   142   204    66
   204   142   141
    31    87   202
    87     2    86
   202    86    30
    86   202    87
    66   203   135
   203    30   136
   135   136    14
   136   135   203
    30   203   202
   203    66   204
   202   204    31
   204   202   203
    24   189   190
   189    67   256
   190   256    53
   256   190   189
    67   138   260
   138    14   137
   260   137    54
   137   260   138
    53   257   109
   257    54   110
   109   110     8
   110   109   257
    54   257   260
   257    53   256
   260   256    67
   256   260   257
    14   138   135
   138    67   274
   135   274    66
   274   135   138
    67   189   276
   189    24   188
   276   188    68
   188   276   189
    66   275   142
   275    68   139
   142   139    15
   139   142   275
    68   275   276
   275    66   274
   276   274    67
   274   276   275
     6   104   101
   104    48   238
   101   238    45
   238   101   104
    48   182   245
   182    23   181
   245   181    72
   181   245   182
    45   239   148
   239    72   151
   148   151    17
   151   148   239
    72   239   245
   239    45   238
   245   238    48
   238   245   239
    23   183   184
   183    56   263
   184   263    74
   263   184   183
    56   112   261
   112     8   111
   261   111    55
   111   261   112
    74   262   153
   262    55   154
   153   154    18
   154   153   262
    55   262   261
   262    74   263
   261   263    56
   263   261   262
    17   152   149
   152    73   208
   149   208    33
   208   149   152
    73   156   210
   156    18   155
   210   155    34
   155   210   156
    33   209    89
   209    34    90
    89    90     3
    90    89   209
    34   209   210
   209    33   208
   210   208    73
   208   210   209
    18   156   153
   156    73   282
   153   282    74
   282   153   156
    73   152   280
   152    17   151
   280   151    72
   151   280   152
    74   281   184
   281    72   181
   184   181    23
   181   184   281
    72   281   280
   281    74   282
   280   282    73
   282   280   281
     8   112   109
   112    56   258
   109   258    53
   258   109   112
    56   183   264
   183    23   185
   264   185    80
   185   264   183
    53   259   190
   259    80   191
   190   191    24
   191   190   259
    80   259   264
   259    53   258
   264   258    56
   258   264   259
    23   182   186
   182    48   246
   186   246    78
   246   186   182
    48   104   243
   104     6   103
   243   103    47
   103   243   104
    78   244   179
   244    47   177
   179   177    22
   177   179   244
    47   244   243
   244    78   246
   243   246    48
   246   243   244
    24   192   187
   192    79   255
   187   255    52
   255   187   192
    79   180   249
   180    22   176
   249   176    49
   176   249   180
    52   250   108
   250    49   105
   108   105     7
   105   108   250
    49   250   249
   250    52   255
   249   255    79
   255   249   250
    22   180   179
   180    79   286
   179   286    78
   286   179   180
    79   192   288
   192    24   191
   288   191    80
   191   288   192
    78   287   186
   287    80   185
   186   185    23
   185   186   287
    80   287   288
   287    78   286
   288   286    79
   286   288   287
