81 Vertices
         0         0
    1.0000         0
    1.0000    1.0000
         0    1.0000
    0.5000         0
         0    0.5000
    0.5000    0.5000
    1.0000    0.5000
    0.5000    1.0000
    0.2500         0
         0    0.2500
    0.7500    0.2500
    0.7500         0
    1.0000    0.2500
    0.7500    1.0000
    1.0000    0.7500
         0    0.7500
    0.2500    0.7500
    0.2500    1.0000
    0.2500    0.2500
    0.5000    0.2500
    0.2500    0.5000
    0.7500    0.5000
    0.5000    0.7500
    0.7500    0.7500
    0.1250         0
         0    0.1250
    0.8750    0.1250
    0.8750         0
    1.0000    0.1250
    0.8750    1.0000
    1.0000    0.8750
         0    0.8750
    0.1250    0.8750
    0.1250    1.0000
    0.3750    0.1250
    0.3750         0
    0.6250         0
    0.5000    0.1250
         0    0.3750
    0.1250    0.3750
    0.1250    0.5000
         0    0.6250
    0.5000    0.3750
    0.6250    0.3750
    0.3750    0.6250
    0.3750    0.5000
    0.6250    0.5000
    0.5000    0.6250
    0.8750    0.5000
    1.0000    0.3750
    1.0000    0.6250
    0.8750    0.6250
    0.6250    0.8750
    0.6250    1.0000
    0.3750    1.0000
    0.5000    0.8750
    0.1250    0.1250
    0.2500    0.1250
    0.1250    0.2500
    0.7500    0.1250
    0.6250    0.2500
    0.8750    0.2500
    0.7500    0.3750
    0.6250    0.1250
    0.8750    0.3750
    0.8750    0.8750
    0.7500    0.8750
    0.8750    0.7500
    0.1250    0.6250
    0.1250    0.7500
    0.2500    0.6250
    0.3750    0.7500
    0.2500    0.8750
    0.3750    0.8750
    0.2500    0.3750
    0.3750    0.2500
    0.3750    0.3750
    0.6250    0.6250
    0.7500    0.6250
    0.6250    0.7500
128 Elements
     0    25    26
    25     9    57
    26    57    10
    57    26    25
     9    36    58
    36     4    35
    58    35    19
    35    58    36
    10    59    39
    59    19    40
    39    40     5
    40    39    59
    19    59    58
    59    10    57
    58    57     9
    57    58    59
     4    37    38
    37    12    64
    38    64    20
    64    38    37
    12    28    60
    28     1    27
    60    27    11
    27    60    28
    20    61    43
    61    11    44
    43    44     6
    44    43    61
    11    61    60
    61    20    64
    60    64    12
    64    60    61
     5    41    42
    41    21    69
    42    69    16
    69    42    41
    21    46    71
    46     6    45
    71    45    17
    45    71    46
    16    70    32
    70    17    33
    32    33     3
    33    32    70
    17    70    71
    70    16    69
    71    69    21
    69    71    70
     6    46    43
    46    21    77
    43    77    20
    77    43    46
    21    41    75
    41     5    40
    75    40    19
    40    75    41
    20    76    38
    76    19    35
    38    35     4
    35    38    76
    19    76    75
    76    20    77
    75    77    21
    77    75    76
     1    29    27
    29    13    62
    27    62    11
    62    27    29
    13    50    65
    50     7    49
    65    49    22
    49    65    50
    11    63    44
    63    22    47
    44    47     6
    47    44    63
    22    63    65
    63    11    62
    65    62    13
    62    65    63
     7    51    52
    51    15    68
    52    68    24
    68    52    51
    15    31    66
    31     2    30
    66    30    14
    30    66    31
    24    67    53
    67    14    54
    53    54     8
    54    53    67
    14    67    66
    67    24    68
    66    68    15
    68    66    67
     6    48    45
    48    23    72
    45    72    17
    72    45    48
    23    56    74
    56     8    55
    74    55    18
    55    74    56
    17    73    33
    73    18    34
    33    34     3
    34    33    73
    18    73    74
    73    17    72
    74    72    23
    72    74    73
     8    56    53
    56    23    80
    53    80    24
    80    53    56
    23    48    78
    48     6    47
    78    47    22
    47    78    48
    24    79    52
    79    22    49
    52    49     7
    49    52    79
    22    79    78
    79    24    80
    78    80    23
    80    78    79
